function out = phi_mu_inv(phi)
% the function is used in density evolution for LDPC code ensemble using
% Gaussian approximation
% Ref. [1] Channel Codes classical and modern -- William E. Ryan and Shu Lin 
% inverse function of Example 9.6. For low complexity we adopt a look-up
% table. Other possible approach includes Newton root search.

phi1015 = [0.0384500189038169,0.0379148537487538,0.0373872029580382,0.0368669619698867,0.0363540275689458,0.0358482978752401,0.0353496723328533,0.0348580516983651,0.0343733380290705,0.0338954346710034,0.0334242462467853,0.0329596786433196,0.0325016389993510,0.0320500356929069,0.0316047783286376,0.0311657777250716,0.0307329459018004,0.0303061960666058,0.0298854426025448,0.0294706010550017,0.0290615881187207,0.0286583216248289,0.0282607205278599,0.0278687048927870,0.0274821958820760,0.0271011157427636,0.0267253877935713,0.0263549364120607,0.0259896870218368,0.0256295660798062,0.0252745010634950,0.0249244204584332,0.0245792537456084,0.0242389313889958,0.0239033848231667,0.0235725464409805,0.0232463495813644,0.0229247285171817,0.0226076184431952,0.0222949554641251,0.0219866765828065,0.0216827196884473,0.0213830235449893,0.0210875277795742,0.0207961728711160,0.0205089001389818,0.0202256517317816,0.0199463706162690,0.0196710005663535,0.0193994861522256,0.0191317727295941,0.0188678064290387,0.0186075341454759,0.0183509035277403,0.0180978629682803,0.0178483615929697,0.0176023492510340,0.0173597765050926,0.0171205946213156,0.0168847555596961,0.0166522119644368,0.0164229171544523,0.0161968251139836,0.0159738904833287,0.0157540685496841,0.0155373152381012,0.0153235871025529,0.0151128413171137,0.0149050356672488,0.0147001285412148,0.0144980789215691,0.0142988463767884,0.0141023910529948,0.0139086736657894,0.0137176554921913,0.0135292983626831,0.0133435646533601,0.0131604172781831,0.0129798196813341,0.0128017358296738,0.0126261302052994,0.0124529677982024,0.0122822140990257,0.0121138350919171,0.0119477972474815,0.0117840675158273,0.0116226133197085,0.0114634025477603,0.0113064035478272,0.0111515851203837,0.0109989165120446,0.0108483674091655,0.0106999079315326,0.0105535086261388,0.0104091404610477,0.0102667748193423,0.0101263834931590,0.00998793867780420,0.00985141296595483,0.00971677934193905,0.00958401117609826];
mu1015 = [10,10.0500000000000,10.1000000000000,10.1500000000000,10.2000000000000,10.2500000000000,10.3000000000000,10.3500000000000,10.4000000000000,10.4500000000000,10.5000000000000,10.5500000000000,10.6000000000000,10.6500000000000,10.7000000000000,10.7500000000000,10.8000000000000,10.8500000000000,10.9000000000000,10.9500000000000,11,11.0500000000000,11.1000000000000,11.1500000000000,11.2000000000000,11.2500000000000,11.3000000000000,11.3500000000000,11.4000000000000,11.4500000000000,11.5000000000000,11.5500000000000,11.6000000000000,11.6500000000000,11.7000000000000,11.7500000000000,11.8000000000000,11.8500000000000,11.9000000000000,11.9500000000000,12,12.0500000000000,12.1000000000000,12.1500000000000,12.2000000000000,12.2500000000000,12.3000000000000,12.3500000000000,12.4000000000000,12.4500000000000,12.5000000000000,12.5500000000000,12.6000000000000,12.6500000000000,12.7000000000000,12.7500000000000,12.8000000000000,12.8500000000000,12.9000000000000,12.9500000000000,13,13.0500000000000,13.1000000000000,13.1500000000000,13.2000000000000,13.2500000000000,13.3000000000000,13.3500000000000,13.4000000000000,13.4500000000000,13.5000000000000,13.5500000000000,13.6000000000000,13.6500000000000,13.7000000000000,13.7500000000000,13.8000000000000,13.8500000000000,13.9000000000000,13.9500000000000,14,14.0500000000000,14.1000000000000,14.1500000000000,14.2000000000000,14.2500000000000,14.3000000000000,14.3500000000000,14.4000000000000,14.4500000000000,14.5000000000000,14.5500000000000,14.6000000000000,14.6500000000000,14.7000000000000,14.7500000000000,14.8000000000000,14.8500000000000,14.9000000000000,14.9500000000000,15];

phi1520 = [0.00945308221922852,0.00932396659710034,0.00919663880505624,0.00907107370268469,0.00894724650856977,0.00882513279511543,0.00870470848344335,0.00858594983836359,0.00846883346341690,0.00835333629598798,0.00823943560248846,0.00812710897360898,0.00801633431963923,0.00790708986585513,0.00779935414797227,0.00769310600766465,0.00758832458814795,0.00748498932982627,0.00738307996600169,0.00728257651864562,0.00718345929423122,0.00708570887962595,0.00698930613804347,0.00689423220505408,0.00680046848465287,0.00670799664538474,0.00661679861652565,0.00652685658431901,0.00643815298826683,0.00635067051747452,0.00626439210704880,0.00617930093454787,0.00609538041648309,0.00601261420487159,0.00593098618383883,0.00585048046627068,0.00577108139051409,0.00569277351712581,0.00561554162566836,0.00553937071155265,0.00546424598292662,0.00539015285760906,0.00531707696006818,0.00524500411844416,0.00517392036161500,0.00510381191630531,0.00503466520423696,0.00496646683932153,0.00489920362489346,0.00483286255098366,0.00476743079163284,0.00470289570224397,0.00463924481697337,0.00457646584615984,0.00451454667379128,0.00445347535500822,0.00439324011364378,0.00433382933979951,0.00427523158745652,0.00421743557212153,0.00416043016850716,0.00410420440824609,0.00404874747763853,0.00399404871543254,0.00394009761063670,0.00388688380036464,0.00383439706771105,0.00378262733965858,0.00373156468501529,0.00368119931238211,0.00363152156814997,0.00358252193452606,0.00353419102758885,0.00348651959537147,0.00343949851597297,0.00339311879569706,0.00334737156721803,0.00330224808777328,0.00325773973738216,0.00321383801709084,0.00317053454724257,0.00312782106577317,0.00308568942653135,0.00304413159762336,0.00300313965978180,0.00296270580475807,0.00292282233373825,0.00288348165578191,0.00284467628628371,0.00280639884545723,0.00276864205684091,0.00273139874582562,0.00269466183820365,0.00265842435873869,0.00262267942975666,0.00258742026975685,0.00255264019204334,0.00251833260337613,0.00248449100264192,0.00245110897954413];
mu1520 = [15.0500000000000,15.1000000000000,15.1500000000000,15.2000000000000,15.2500000000000,15.3000000000000,15.3500000000000,15.4000000000000,15.4500000000000,15.5000000000000,15.5500000000000,15.6000000000000,15.6500000000000,15.7000000000000,15.7500000000000,15.8000000000000,15.8500000000000,15.9000000000000,15.9500000000000,16,16.0500000000000,16.1000000000000,16.1500000000000,16.2000000000000,16.2500000000000,16.3000000000000,16.3500000000000,16.4000000000000,16.4500000000000,16.5000000000000,16.5500000000000,16.6000000000000,16.6500000000000,16.7000000000000,16.7500000000000,16.8000000000000,16.8500000000000,16.9000000000000,16.9500000000000,17,17.0500000000000,17.1000000000000,17.1500000000000,17.2000000000000,17.2500000000000,17.3000000000000,17.3500000000000,17.4000000000000,17.4500000000000,17.5000000000000,17.5500000000000,17.6000000000000,17.6500000000000,17.7000000000000,17.7500000000000,17.8000000000000,17.8500000000000,17.9000000000000,17.9500000000000,18,18.0500000000000,18.1000000000000,18.1500000000000,18.2000000000000,18.2500000000000,18.3000000000000,18.3500000000000,18.4000000000000,18.4500000000000,18.5000000000000,18.5500000000000,18.6000000000000,18.6500000000000,18.7000000000000,18.7500000000000,18.8000000000000,18.8500000000000,18.9000000000000,18.9500000000000,19,19.0500000000000,19.1000000000000,19.1500000000000,19.2000000000000,19.2500000000000,19.3000000000000,19.3500000000000,19.4000000000000,19.4500000000000,19.5000000000000,19.5500000000000,19.6000000000000,19.6500000000000,19.7000000000000,19.7500000000000,19.8000000000000,19.8500000000000,19.9000000000000,19.9500000000000,20];

